Some((
    red: 0.65320885,
    green: 0.8709723,
    blue: 0.6582928,
    alpha: 1.0,
))