Some((
    red: 0.23529412,
    green: 0.21960784,
    blue: 0.21176471,
))