Some((
    red: 0.40784314,
    green: 0.6156863,
    blue: 0.4156863,
))