Some((
    red: 0.15686275,
    green: 0.15686275,
    blue: 0.15686275,
    alpha: 1.0,
))