Some((
    red: 0.92156863,
    green: 0.85882354,
    blue: 0.69803923,
))